# oST version 5.0 parameters


[image]

width
1280

height
720

[narrow_stereo]

camera matrix
819.553492 0.000000 625.284099
0.000000 820.646595 336.808987
0.000000 0.000000 1.000000

distortion
-0.383440 0.158388 -0.001262 0.000612 -0.032328

rectification
1.000000 0.000000 0.000000
0.000000 1.000000 0.000000
0.000000 0.000000 1.000000

projection
586.534783 0.000000 616.217849 0.000000
0.000000 754.371320 331.809380 0.000000
0.000000 0.000000 1.000000 0.000000
