image_width: 1280
image_height: 720
camera_name: front_camera
camera_matrix:
  rows: 3
  cols: 3
  data: [819.55349,   0.     , 625.2841 ,
           0.     , 820.6466 , 336.80899,
           0.     ,   0.     ,   1.     ]
distortion_model: plumb_bob
distortion_coefficients:
  rows: 1
  cols: 5
  data: [-0.383440, 0.158388, -0.001262, 0.000612, -0.032328]
rectification_matrix:
  rows: 3
  cols: 3
  data: [1., 0., 0.,
         0., 1., 0.,
         0., 0., 1.]
projection_matrix:
  rows: 3
  cols: 4
  data: [586.53478,   0.     , 616.21785,   0.     ,
           0.     , 754.37132, 331.80938,   0.     ,
           0.     ,   0.     ,   1.     ,   0.     ]
